1003450
10051003
10066029
10440824
10482951
10569966
10593995
10631923
10767004
10771486
10861661
11078565
11312426
11343340
11382639
11484202
11748306
12011146
12219090
1248162
12567410
12868482
12900905
1347096
1348213
1415348
14699618
14735582
1478663
1479598
1479599
1484939
1496981
1496982
15150776
15190457
15470370
15734008
1583664
16401744
17353411
17431915
1745350
18177466
18220287
18423521
18478600
19206155
19476995
2012134
2105641
2164325
2282716
2466440
263442
2888021
292745
3092103
3105060
3134615
3180506
3185841
3321995
3547011
3688021
3740720
3799714
4006277
509397
6261046
657583
6631421
6741990
6774282
6829601
6859100
6882181
6964893
6973119
7039311
7091188
7200726
7246489
730159
7446562
7450780
7468659
7485365
7625442
7747758
7747785
7762579
8042672
8318482
8326488
8576558
8669439
8751853
8755929
8786067
8832722
8923936
8929945
8988171
9096761
9096762
9182785
9225971
9236523
9425907
9486718
9546330
955942
998578
